teff logg z mg ca
5952 4.13 0.22 0.619 -0.111
5553 4.86 -0.504 0.181 0.121
5750 4.67 -0.22 -0.178 0.553
5612 4.53 0.266 0.621 0.789
5397 4.75 -0.269 0.575 -0.028
5420 4.71 -0.287 0.068 0.389
5218 4.82 0.024 0.238 0.503
5118 4.78 0.064 0.252 0.57
5683 4.17 0.49 0.532 -0.011
5654 4.62 -0.151 0.284 0.077
5113 4.55 -0.845 0.446 0.044
5787 4.26 0.122 0.228 -0.078
5653 4.21 0.31 0.7 -0.159
5919 4.11 -0.509 -0.017 0.36
5076 4.11 0.157 0.691 0.707
5042 4.55 -0.957 0.654 0.468
5519 4.39 0.418 0.67 0.202
5339 4.63 0.083 0.243 0.244
5513 4.68 -0.107 0.613 0.516
5916 4.8 -0.921 0.68 0.227
5899 4.21 0.469 0.518 0.081
5448 4.58 -0.275 0.078 0.484
5917 4.31 0.492 -0.023 0.392
5614 4.77 -0.438 0.559 -0.155
5711 4.86 0.103 0.647 0.114
5092 4.46 -0.176 0.628 0.786
5592 4.55 0.345 0.684 -0.092
5711 4.38 -0.503 0.666 0.01
5466 4.18 -0.841 0.703 0.343
5064 4.2 -0.244 0.696 0.699
5532 4.12 0.381 -0.05 0.659
5824 4.69 0.276 0.666 0.716
5727 4.89 -0.405 -0.026 0.473
5113 4.61 0.282 0.087 -0.023
5546 4.78 -0.682 0.648 -0.119
5107 4.11 0.273 -0.12 0.265
5385 4.21 -0.119 0.401 0.552
5953 4.29 -0.899 0.407 0.214
5353 4.64 -0.258 0.215 0.515
5199 4.95 0.381 0.591 0.493
5112 4.74 -0.958 0.34 0.285
5624 4.11 -0.745 0.182 0.589
5422 4.98 0.116 0.799 -0.077
5736 4.88 -0.517 0.674 0.653
5499 4.26 -0.817 0.282 0.675
5408 4.97 -0.741 -0.177 0.65
5487 5.0 0.423 -0.011 -0.067
5160 4.43 0.022 0.699 -0.022
5601 4.74 0.134 0.752 0.316
5967 4.84 0.032 0.047 0.288
5426 4.43 -0.44 0.295 0.684
5485 4.37 -0.747 -0.047 0.669
5088 4.71 -0.507 0.636 0.17
5909 4.7 -0.936 0.366 0.515
5117 4.98 0.301 0.188 -0.001
5306 4.61 -0.641 0.025 -0.162
5532 4.97 -0.933 0.166 0.57
5616 4.25 0.336 0.012 0.377
5322 4.36 -0.827 0.361 0.561
5151 4.46 0.001 0.221 0.377
5315 4.89 -0.965 0.116 0.09
5279 4.77 -0.387 0.373 0.644
5806 4.99 -0.519 0.119 -0.088
5731 4.53 -0.535 0.682 0.397
5023 4.16 -0.166 0.733 0.201
5726 4.05 -0.89 0.578 -0.16
5200 4.58 -0.826 0.504 0.525
5210 4.49 0.259 0.624 -0.099
5121 4.69 0.047 0.48 0.522
5377 4.42 -0.078 0.306 0.683
5199 4.19 -0.039 0.64 -0.108
5323 4.43 0.446 0.415 -0.177
5797 4.93 -0.788 0.582 0.191
5595 4.34 -0.601 0.311 0.553
5177 4.43 -0.509 0.441 -0.127
5064 4.42 0.234 0.764 -0.029
5550 4.6 -0.752 0.734 0.73
5547 4.36 -0.428 0.756 -0.124
5635 4.67 -0.595 -0.031 0.713
5949 4.5 -0.303 0.728 -0.101
5205 4.2 -0.873 0.082 0.199
5399 4.34 -0.954 0.438 0.267
5169 4.98 -0.699 0.109 0.649
5258 4.03 -0.203 0.163 0.011
5170 4.12 -0.01 0.58 0.296
5850 4.3 -0.918 0.57 0.734
5923 4.44 -0.155 0.767 0.377
5439 4.28 0.042 -0.143 0.225
5149 4.84 -0.641 0.044 0.413
5364 4.44 -0.352 0.693 0.425
5559 4.05 -0.74 -0.087 0.374
5768 4.18 -0.581 -0.04 -0.078
5841 4.28 -0.126 0.084 0.682
5165 4.25 0.123 0.058 0.338
5479 4.52 0.137 0.247 0.343
5205 4.17 0.147 -0.181 -0.055
5095 4.64 -0.574 -0.005 0.484
5769 4.86 -0.663 -0.182 -0.132
5811 4.56 -0.733 0.158 0.744
5690 4.17 -0.46 0.217 -0.01
5795 4.49 -0.212 0.289 0.763
5240 4.9 0.182 -0.089 0.146
5611 4.62 -0.818 -0.014 0.232
5164 4.4 0.343 0.348 0.402
5060 4.92 -0.914 0.131 -0.089
5474 4.94 0.262 0.717 0.101
5904 4.07 0.32 0.642 0.095
5172 4.07 -0.399 0.618 0.55
5439 4.18 0.102 0.179 0.699
5517 4.47 0.418 -0.149 -0.049
5491 4.88 0.409 0.22 0.783
5894 4.18 -0.433 0.146 0.49
5292 4.16 0.466 -0.01 0.107
5258 4.21 0.443 0.403 0.694
5570 4.55 -0.687 0.104 0.302
5223 4.5 -0.108 0.645 -0.192
5370 4.18 -0.263 0.761 0.16
5578 4.64 -0.12 0.713 0.772
5636 4.83 -0.471 0.368 0.304
5951 4.71 0.441 0.362 0.342
5871 4.61 -0.597 0.386 -0.107
5659 4.24 -0.388 -0.02 0.629
5778 4.14 -0.821 0.334 0.287
5547 4.5 -0.436 0.674 0.326
5854 4.33 -0.731 0.438 -0.033
5247 4.94 -0.055 -0.167 0.799
5153 4.19 -0.545 0.671 0.692
5765 4.14 0.179 0.69 0.207
5381 4.99 0.094 0.379 0.225
5693 4.05 0.305 0.144 0.717
5953 4.45 0.435 0.064 -0.089
5438 4.37 -0.801 0.772 0.607
5946 4.4 0.032 0.344 0.475
5020 4.29 0.053 0.464 0.13
5417 4.71 -0.787 0.738 0.636
5366 4.15 0.127 0.644 0.21
5949 4.13 -0.098 0.075 0.231
5219 4.13 -0.96 0.65 -0.123
5155 4.08 -0.896 0.61 0.781
5342 4.24 -0.266 0.742 0.125
5886 4.52 0.016 0.598 0.57
5440 4.05 0.172 0.475 -0.032
5758 4.6 0.245 -0.008 0.582
5222 4.32 -0.201 0.169 0.079
5894 4.07 -0.05 -0.033 -0.15
5191 4.76 -0.669 0.186 0.556
5921 4.67 -0.41 0.296 0.496
5616 4.59 -0.823 -0.116 0.729
5964 4.25 -0.057 0.632 0.055
5301 4.88 -0.317 0.263 0.293
5510 4.94 -0.258 0.272 -0.031
5814 4.51 -0.175 0.245 -0.169
5686 4.37 -0.218 0.695 0.766
5370 4.77 -0.102 -0.107 0.398
5890 4.47 -0.845 -0.198 0.16
5719 4.25 -0.846 0.135 -0.03
5504 4.24 0.477 -0.01 0.49
5872 4.44 -0.292 0.419 0.39
5800 4.5 0.476 -0.11 -0.124
5982 4.47 -0.685 0.241 0.552
5926 4.71 0.374 -0.119 0.521
5762 4.21 -0.605 0.284 0.274
5150 4.9 0.266 -0.081 0.391
5834 4.95 0.401 0.077 0.706
5578 4.44 -0.553 0.585 -0.14
5405 4.77 0.187 0.446 0.347
5125 4.16 0.133 0.117 0.048
5054 4.82 -0.543 0.596 -0.104
5791 4.88 -0.196 0.347 0.197
5133 4.07 -0.665 0.43 -0.001
5946 5.0 -0.409 0.625 0.35
5165 4.6 -0.825 0.401 -0.133
5605 5.0 0.267 -0.172 -0.078
5554 4.01 -0.933 0.675 0.042
5676 4.29 0.033 0.177 0.084
5820 4.73 -0.121 -0.175 0.336
5563 4.54 -0.656 0.575 -0.086
5708 4.09 -0.47 0.322 0.567
5343 4.76 -0.104 0.235 0.042
5622 4.51 -0.475 0.434 -0.1
5623 4.54 0.269 0.553 0.323
5087 4.78 -0.234 0.768 0.34
5709 4.14 -0.177 0.505 0.148
5673 4.16 -0.013 0.37 0.4
5491 4.24 -0.984 0.214 0.221
5348 4.61 0.007 -0.036 0.088
5234 4.22 -0.744 0.252 0.507
5504 4.56 -0.614 0.209 0.028
5865 4.89 -0.53 -0.031 0.292
5523 4.08 -0.67 0.402 -0.009
5790 4.67 0.399 0.417 0.317
5065 4.91 -0.747 0.537 0.427
5644 4.07 -0.984 0.599 -0.03
5192 4.83 -0.449 0.288 0.064
5721 4.71 -0.281 0.35 0.136
5242 4.69 -0.819 0.642 0.759
5838 4.81 -0.645 0.684 0.199
5211 4.56 -0.301 0.435 0.576
5302 4.01 0.137 0.297 -0.025
5491 4.44 -0.958 0.758 0.744
5373 4.6 0.043 0.554 0.746
5098 4.67 -0.332 -0.052 -0.142
5378 4.93 -0.892 0.273 0.672
5372 4.66 -0.37 0.127 0.642
5477 4.42 -0.112 0.363 0.36
5215 4.34 0.46 0.407 -0.041
5621 4.22 -0.176 0.642 0.043
5281 4.29 -0.165 0.024 0.55
5652 4.12 0.358 0.191 -0.088
5245 4.92 0.322 0.59 0.565
5725 4.21 -0.793 -0.103 0.222
5418 4.67 -0.46 -0.022 -0.054
5406 4.16 0.326 0.162 -0.108
5477 4.85 0.065 0.539 0.101
5468 4.01 0.194 0.737 0.052
5774 4.96 -0.108 -0.051 0.739
5205 4.84 -0.081 0.548 0.393
5766 4.4 -0.574 0.039 0.718
5871 4.88 -0.974 -0.093 -0.039
5642 4.87 0.296 0.274 -0.178
5153 4.36 -0.602 0.739 0.224
5383 4.36 -0.723 -0.161 -0.084
5190 4.95 0.373 0.499 0.322
5050 4.36 -0.433 0.577 0.463
5126 4.49 -0.947 -0.062 0.488
5804 4.13 -0.873 0.683 0.784
5319 4.7 -0.713 -0.134 0.621
5668 4.44 -0.113 -0.178 0.15
5956 4.62 -0.603 -0.097 0.306
5576 4.2 -0.726 0.774 0.261
5838 4.93 0.055 0.036 0.038
5859 4.23 -0.142 -0.161 0.168
5996 4.39 -0.67 0.099 -0.199
5948 4.36 -0.234 0.607 0.153
5739 4.8 -0.696 -0.084 0.56
5795 4.55 -0.653 0.203 -0.074
5176 5.0 -0.529 0.013 0.447
5675 4.52 -0.005 0.23 0.435
5422 4.34 -0.175 -0.018 0.04
5571 4.4 -0.672 0.248 0.321
5262 4.49 -0.683 -0.164 0.783
5879 4.49 -0.564 -0.198 0.285
5179 4.51 -0.726 0.454 0.641
5463 4.62 -0.191 0.521 0.189
5155 4.78 0.474 0.577 0.396
5898 4.26 0.269 0.757 -0.05
5053 4.04 -0.33 0.616 0.643
5556 4.74 0.272 0.3 -0.048
5267 4.69 -0.597 -0.13 -0.119
5050 4.83 -0.388 0.449 0.392
5432 4.87 -0.471 0.467 0.604
5322 4.06 -0.791 0.288 0.658
5889 4.97 -0.306 0.685 0.557
5524 4.65 0.268 0.372 0.767
5886 4.8 -0.943 0.598 -0.1
5581 4.64 -0.603 0.445 -0.046
5167 4.95 -0.281 0.175 -0.16
5959 4.26 -0.204 0.632 0.606
5826 4.35 -0.27 0.264 0.774
5833 4.66 -0.805 0.705 0.228
5024 4.47 -0.927 0.341 0.465
5877 4.82 0.207 0.167 0.38
5006 4.29 -0.086 0.371 -0.102
5493 4.65 -0.187 -0.158 0.178
5032 4.23 -0.043 0.355 0.629
5347 4.11 -0.174 0.655 0.531
5949 4.44 -0.475 0.176 -0.023
5754 4.74 -0.538 0.482 0.222
5673 4.98 -0.919 0.062 0.029
5816 4.03 -0.768 0.023 0.064
5865 4.78 -0.516 0.365 0.29
5529 4.28 0.131 0.026 0.668
5266 4.93 0.255 0.031 0.469
5806 4.35 0.436 0.666 0.053
5193 4.64 -0.941 -0.067 -0.035
5460 4.52 0.085 0.381 0.056
5381 4.94 -0.978 0.336 0.702
5194 4.07 -0.484 0.089 0.022
5754 4.3 -0.984 -0.128 -0.061
5125 4.36 -0.225 0.576 0.282
5962 4.17 -0.875 0.151 0.714
5479 4.04 -0.538 0.524 -0.05
5415 4.7 -0.641 0.599 0.22
5258 4.49 0.362 0.553 -0.07
5401 4.23 0.036 0.562 0.539
5323 4.5 -0.674 0.41 0.638
5320 4.01 -0.435 0.301 0.162
5115 4.1 0.452 0.485 0.604
5089 4.75 -0.558 -0.016 0.595
5741 4.04 0.362 0.027 0.215
5755 4.72 -0.382 0.456 0.296
5653 4.35 -0.075 0.533 0.018
5136 4.15 -0.698 0.351 0.215
5339 4.57 0.231 0.152 0.494
5997 4.72 -0.962 0.233 0.507
5744 4.56 -0.769 0.164 -0.116
5220 4.26 -0.362 0.612 0.391
5476 4.89 -0.441 0.606 0.396
5101 4.62 0.216 -0.015 -0.177
5460 4.61 0.172 -0.194 0.303
5870 4.25 0.321 0.679 0.181
5643 4.17 0.426 -0.106 0.465
5088 4.37 -0.683 0.42 0.045
5950 4.21 0.039 0.479 0.495
5234 4.09 0.166 0.242 -0.164
5363 4.14 0.298 0.647 0.328
5553 4.41 0.367 0.044 0.707
5477 4.8 -0.202 0.302 0.084
5544 4.76 -0.505 0.143 -0.114
5664 4.96 -0.055 0.235 -0.133
5975 4.75 -0.597 -0.046 0.223
5600 4.63 -0.357 0.233 0.689
5700 5.0 -0.875 0.551 0.307
5351 4.14 -0.868 0.379 0.117
5451 4.22 -0.521 0.714 0.001
5519 4.15 -0.34 -0.083 -0.05
5206 4.03 -0.83 0.4 0.582
5745 4.0 0.35 0.474 0.416
5723 4.55 0.358 0.317 0.399
5158 4.63 -0.983 -0.179 0.737
5773 4.88 -0.395 -0.051 0.78
5384 4.91 -0.27 0.261 0.525
5910 4.84 -0.623 0.351 0.17
5246 4.76 0.346 -0.078 0.652
5044 4.45 0.47 0.265 -0.012
5521 4.94 0.278 0.547 0.722
5267 4.89 -0.784 0.695 0.441
5619 4.55 -0.018 0.37 -0.02
5878 4.77 -0.94 -0.128 0.739
5420 4.43 -0.702 -0.17 0.374
5395 4.89 0.019 0.253 0.761
5961 4.19 0.433 0.588 -0.103
5094 4.09 0.051 0.402 0.62
5794 4.0 0.244 0.096 0.172
5184 4.84 -0.17 0.647 0.021
5013 4.89 -0.157 0.268 -0.169
5674 4.36 -0.402 -0.151 0.271
5348 4.7 -0.364 0.26 -0.176
5651 4.69 -0.043 0.55 0.03
5257 4.25 -0.412 0.436 0.256
5095 4.76 -0.984 -0.023 0.107
5481 4.69 0.416 0.055 -0.077
5017 4.22 0.2 0.03 0.702
5076 4.87 -0.681 0.461 -0.111
5805 4.98 -0.43 0.701 0.534
5214 4.69 0.338 0.194 -0.089
5027 4.84 -0.764 0.136 0.241
5195 4.01 -0.844 -0.19 0.486
5015 4.25 0.373 0.529 0.653
5715 4.59 -0.668 -0.17 0.152
5268 4.33 -0.494 0.675 -0.139
5878 4.05 -0.795 0.78 0.24
5519 4.28 -0.398 0.555 0.271
5952 4.78 -0.731 0.591 -0.098
5358 4.89 -0.812 0.408 0.611
5366 4.36 -0.914 0.492 0.47
5373 4.63 -0.237 0.758 0.191
5139 4.24 -0.1 0.061 0.261
5663 4.97 0.227 0.38 0.325
5759 4.1 -0.348 0.258 0.763
5958 4.05 -0.73 0.658 -0.127
5578 4.51 0.382 0.37 0.092
5075 4.61 -0.727 0.436 0.546
5465 4.6 -0.282 -0.152 0.681
5898 4.27 -0.953 0.318 0.339
5553 4.49 -0.366 0.602 0.024
5034 4.7 -0.572 0.129 0.607
5993 4.4 -0.68 0.041 0.08
5957 4.58 -0.098 0.777 0.76
5461 4.91 0.283 0.587 -0.083
5754 4.47 -0.486 0.688 0.187
5565 4.14 -0.651 0.454 -0.018
5346 4.92 0.211 0.055 0.531
5070 4.12 -0.154 0.78 -0.023
5292 4.45 -0.863 -0.081 0.158
5516 4.27 0.042 0.514 0.517
5693 4.5 0.195 0.306 0.06
5957 4.34 -0.178 0.751 -0.119
5273 4.62 -0.851 -0.087 0.491
5668 4.02 -0.123 0.594 0.728
5496 4.92 -0.447 0.16 0.049
5285 4.27 -0.421 0.504 0.534
5905 4.25 0.017 0.544 0.655
5278 4.66 0.02 0.724 -0.173
5799 4.18 0.314 0.076 0.695
5968 4.09 -0.14 -0.193 0.123
5501 4.27 -0.271 0.08 0.144
5692 4.28 -0.968 -0.067 0.195
5499 4.12 -0.813 0.327 0.44
5589 4.59 -0.992 0.34 -0.034
5151 4.12 -0.966 -0.078 0.408
5274 4.72 -0.61 -0.139 0.377
5205 4.99 -0.3 0.515 0.643
5247 4.52 -0.921 0.661 0.27
5100 4.05 -0.328 0.136 -0.147
5954 4.36 -0.367 -0.175 0.584
5677 4.9 0.075 0.657 0.436
5290 4.56 -0.668 -0.112 0.791
5282 4.97 0.313 0.064 0.511
5321 4.66 -0.091 0.54 -0.014
5691 4.29 -0.474 -0.102 -0.002
5776 4.65 -0.15 -0.042 0.083
5190 4.45 0.489 0.721 -0.027
5962 4.27 -0.506 0.642 0.726
5387 4.44 -0.812 -0.072 0.38
5279 4.62 0.238 0.416 0.1
5812 4.7 -0.023 0.147 0.485
5863 4.95 -0.656 -0.032 0.035
5524 4.97 -0.013 0.799 0.313
5170 4.77 -0.299 -0.147 0.438
5778 4.2 -0.877 0.465 -0.103
5000 4.79 -0.104 0.385 0.791
5935 4.96 -0.577 -0.047 0.039
5775 4.91 -0.999 0.057 0.609
5833 4.92 -0.066 -0.067 0.796
5581 4.61 0.419 0.033 0.168
5270 4.57 0.239 -0.139 0.033
5360 4.06 -0.805 -0.005 -0.094
5921 4.77 0.301 0.544 0.532
5906 4.11 0.113 0.402 0.168
5031 4.63 -0.507 0.099 0.388
5009 4.08 -0.598 0.459 0.448
5381 4.5 0.231 0.197 0.76
5529 4.92 -0.479 0.103 0.334
5958 4.25 -0.206 0.573 0.625
5071 4.06 -0.191 0.548 0.137
5394 4.6 -0.816 0.598 0.516
5867 4.13 -0.016 0.659 -0.07
5339 4.91 -0.282 0.407 0.371
5605 4.43 0.024 0.291 0.547
5595 4.46 0.056 0.05 0.158
5650 4.14 -0.378 0.335 0.183
5711 4.88 0.11 0.351 0.322
5545 4.51 -0.252 -0.043 0.162
5345 4.33 -0.09 0.024 0.697
5919 4.46 -0.153 -0.072 0.448
5556 4.28 -0.326 0.434 0.057
5848 4.92 -0.046 0.233 0.412
5114 4.18 -0.33 0.368 0.23
5975 4.34 0.017 -0.194 -0.192
5721 4.96 0.365 -0.198 0.388
5265 4.02 0.11 0.764 0.474
5649 4.08 0.493 0.73 0.17
5616 4.33 -0.007 -0.002 0.389
5762 4.73 -0.426 0.133 -0.17
5289 4.4 -0.886 -0.077 -0.088
5307 4.34 0.335 0.283 0.753
5142 4.44 0.126 0.307 0.645
5895 4.74 -0.906 0.61 0.566
5940 4.88 -0.327 0.173 0.167
5210 4.87 -0.169 0.328 -0.069
5136 4.94 -0.398 0.042 0.388
5770 4.8 -0.162 -0.028 0.587
5436 4.96 0.341 0.504 0.213
5619 4.21 -0.165 0.417 0.111
5058 4.93 -0.444 0.15 -0.12
5560 4.79 0.092 -0.087 0.564
5703 4.89 -0.545 0.522 0.317
5996 4.51 -0.194 0.576 0.548
5574 4.43 0.167 0.643 -0.104
5478 4.99 0.361 0.168 0.024
5821 4.25 -0.618 0.664 0.327
5390 4.64 0.14 0.226 0.157
5399 4.12 0.302 0.261 0.431
5687 4.18 -0.459 0.392 0.349
5498 4.97 -0.244 0.446 0.741
5782 4.79 0.196 0.652 0.314
5165 4.91 -0.834 0.055 0.628
5754 4.15 -0.552 0.151 0.171
5731 4.46 -0.048 -0.127 0.626
5577 4.52 0.382 0.52 0.413
5164 4.16 -0.744 0.784 -0.034
5111 4.79 -0.995 0.524 0.56
5580 4.2 0.471 0.328 0.524
5481 4.98 -0.313 0.674 0.315
5878 4.84 -0.139 0.613 0.483
5902 4.54 -0.495 0.687 0.073
5391 4.74 -0.775 -0.084 0.797
5935 4.44 -0.337 0.668 0.185
5299 4.24 0.312 -0.194 -0.039
5458 4.96 -0.907 0.666 0.094
5366 4.88 0.35 -0.016 0.726
5149 4.5 -0.102 -0.11 0.025
5074 4.17 -0.881 -0.049 0.771
5435 4.7 0.403 0.427 -0.02
5990 4.44 -0.304 0.48 0.402
5138 4.64 -0.974 0.222 0.308
5492 4.22 -0.937 0.05 0.277
5214 4.25 0.116 0.369 -0.153
5239 4.82 0.486 0.292 0.63
5455 4.49 0.43 -0.032 -0.143
5487 4.59 -0.562 -0.112 0.603
5590 4.49 -0.77 0.041 0.527
5250 4.67 0.414 0.621 0.017
5435 4.51 -0.841 -0.058 0.279
5881 4.96 -0.401 -0.142 0.307
5199 4.39 -0.501 0.62 0.037
5613 4.4 -0.886 0.439 0.694
5652 4.4 0.351 -0.134 0.637
5464 4.88 0.087 0.16 0.104
5819 4.88 -0.263 0.288 0.151
5363 4.04 -0.745 -0.119 -0.156
5294 4.08 0.18 0.248 0.027
5392 4.06 0.395 0.671 0.702
5446 4.6 -0.326 0.373 0.717
5077 4.89 0.285 -0.005 0.795
5421 4.82 -0.252 0.417 0.014
5480 4.69 0.33 -0.17 0.374
5538 4.51 -0.819 -0.092 0.699
5595 4.78 -0.78 0.027 0.094
5600 4.72 -0.67 0.778 0.646
5126 4.46 0.085 -0.076 0.082
5746 4.01 -0.235 0.786 0.112
5981 4.33 -0.504 0.728 0.66
5505 4.28 -0.129 0.564 0.665
5677 4.24 0.137 -0.092 0.188
5526 4.26 -0.674 0.764 0.042
5641 4.09 -0.859 0.723 0.748
5359 4.54 -0.538 0.662 0.564
5281 4.37 -0.328 0.345 0.557
6000 4.48 -0.319 0.678 0.344
5910 4.01 -0.77 0.186 -0.141
5171 4.71 0.319 -0.108 0.149
5053 4.03 0.052 0.014 0.258
5408 4.19 0.252 0.643 -0.165
5424 4.76 0.399 0.236 0.756
5479 4.88 0.08 -0.123 0.619
5608 4.02 -0.343 0.594 0.222
5380 4.77 -0.169 0.015 0.644
5996 4.81 -0.438 0.272 0.279
5381 4.53 -0.036 0.089 0.654
5926 4.71 -0.796 0.174 0.588
5641 4.78 -0.557 0.278 0.711
5634 4.06 -0.053 0.722 0.765
5315 4.71 0.311 0.365 0.464
5319 4.87 0.098 0.403 -0.004
5210 4.6 0.239 0.093 0.164
5711 4.86 0.355 0.421 0.644
5803 4.24 -0.521 0.641 0.319
5514 4.42 0.095 0.417 0.328
5487 4.18 -0.694 0.062 0.691
5701 4.89 -0.095 0.016 0.77
5373 4.93 0.132 0.316 0.13
5323 4.47 0.382 0.688 0.667
5506 4.68 -0.772 0.425 0.549
5711 4.22 -0.327 -0.009 0.045
5715 4.37 0.078 0.133 0.786
5913 4.75 -0.884 0.398 0.191
5068 4.87 -0.889 0.262 -0.156
5307 4.96 -0.438 0.673 0.654
5107 4.99 -0.744 -0.083 -0.038
5022 4.22 -0.038 0.704 0.531
5985 4.04 -0.805 -0.065 0.325
5009 4.6 -0.514 -0.083 0.283
5101 4.73 -0.63 0.275 0.488
5223 4.6 -0.251 0.783 0.612
5687 4.39 0.281 -0.127 0.436
5681 4.39 -0.468 0.476 -0.195
5543 4.45 -0.106 0.277 -0.005
5520 4.16 -0.476 0.664 0.506
5135 4.37 -0.007 0.49 0.516
5421 4.06 -0.565 0.336 -0.093
5411 4.57 -0.764 0.567 0.187
5663 4.3 -0.24 0.621 0.567
5944 4.34 0.063 -0.135 0.481
5439 4.81 0.408 0.308 0.46
5952 4.86 0.215 -0.09 -0.043
5896 4.69 0.385 0.155 0.683
5749 4.43 -0.602 0.143 0.721
5874 4.25 0.046 0.017 0.046
5504 4.27 -0.019 0.124 0.382
5501 4.62 -0.695 0.473 0.576
5699 4.46 -0.783 0.002 0.671
5063 4.28 0.312 0.153 0.746
5084 4.18 -0.1 -0.143 -0.113
5789 4.66 -0.898 0.658 0.078
5504 4.37 0.097 0.44 0.437
5715 4.94 -0.162 0.454 -0.016
5925 4.29 0.275 0.162 0.133
5227 4.35 -0.346 -0.06 0.176
5265 4.47 0.451 0.676 0.057
5730 4.79 0.302 0.112 0.143
5525 4.2 -0.042 -0.126 0.314
5950 4.13 -0.819 0.453 0.422
5623 4.96 -0.754 0.213 0.472
5867 4.94 -0.657 -0.061 0.63
5421 4.05 -0.808 0.212 0.123
5514 4.26 0.034 -0.189 0.714
5537 4.77 -0.863 0.373 0.092
5042 4.65 -0.647 0.049 0.551
5827 4.78 -0.811 0.399 0.415
5201 4.08 -0.377 0.763 0.775
5187 4.25 -0.321 0.409 0.645
5598 4.23 -0.4 -0.099 0.689
5366 4.55 0.131 -0.157 0.213
5835 4.98 -0.106 0.342 0.034
5130 4.71 0.459 0.689 0.656
5870 4.17 0.462 0.364 0.229
5190 4.89 -0.185 -0.025 0.76
5749 4.17 -0.354 0.084 -0.026
5091 4.1 -0.889 0.135 0.2
5790 4.95 0.206 0.138 0.037
5604 4.55 -0.143 0.021 -0.119
5044 4.04 0.016 0.667 0.349
5013 4.76 0.326 -0.02 0.782
5749 4.26 -0.573 -0.164 0.551
5269 4.01 0.017 0.576 -0.017
5420 4.99 0.208 0.536 0.276
5307 4.04 -0.728 0.314 0.119
5424 4.73 -0.391 0.262 0.697
5606 4.79 -0.58 -0.142 0.471
5041 4.6 0.333 -0.002 0.019
5492 4.75 -0.876 -0.153 0.493
5943 4.21 -0.629 0.146 0.615
5595 4.9 0.309 0.264 0.177
5129 4.97 -0.982 0.002 0.162
5753 4.61 -0.342 0.404 0.41
5323 4.14 -0.932 0.5 -0.136
5325 4.14 0.0 0.493 0.166
5040 4.31 -0.789 -0.13 0.403
5651 4.05 -0.091 0.421 0.393
5849 4.33 -0.274 0.644 0.364
5108 4.11 -0.639 0.334 0.053
5827 4.31 -0.945 0.384 0.07
5611 4.71 0.487 0.495 -0.17
5358 4.22 0.46 0.014 0.096
5099 4.86 0.479 0.562 -0.181
5365 4.33 0.034 0.396 0.052
5562 4.32 -0.605 0.445 0.182
5955 4.34 0.077 0.474 0.477
5877 4.07 0.337 0.075 0.348
5067 4.92 -0.296 0.319 0.637
5787 4.58 -0.24 -0.09 0.482
5042 4.06 -0.441 0.618 0.056
5424 4.56 -0.108 0.599 0.568
5328 4.17 0.336 0.013 0.592
5597 4.98 0.008 0.242 0.079
5182 4.57 -0.304 0.353 0.408
5433 4.92 0.236 0.725 -0.0
5225 4.97 0.227 0.655 0.766
5145 4.68 0.18 0.778 0.165
5273 4.94 -0.704 0.255 -0.021
5253 4.57 0.138 -0.14 0.702
5852 4.5 -0.471 -0.144 0.396
5494 4.37 -0.115 0.741 -0.186
5202 4.08 -0.37 0.78 -0.122
5021 4.44 -0.264 -0.0 0.504
5031 4.6 0.454 0.536 -0.145
5547 4.74 -0.047 0.733 0.103
5233 4.13 -0.119 0.442 -0.139
5016 4.43 0.243 -0.166 0.182
5934 4.39 -0.937 0.611 0.442
5296 4.27 -0.15 0.164 -0.138
5712 4.23 -0.52 0.363 0.518
5632 4.74 -0.992 0.342 0.589
5369 4.56 0.261 0.371 0.266
5147 4.49 -0.067 0.141 -0.082
5912 4.47 0.432 0.758 0.775
5771 4.29 -0.209 -0.19 0.265
5739 4.5 0.339 -0.162 0.743
5973 4.98 0.489 -0.12 0.408
5771 4.34 -0.857 0.548 -0.052
5861 4.06 -0.89 -0.119 -0.157
5816 4.59 0.002 0.312 0.349
5140 4.28 -0.21 -0.112 0.601
5182 4.89 -0.099 -0.068 0.578
5558 4.3 0.088 0.154 0.285
5051 4.97 0.217 0.446 0.236
5524 4.63 0.102 0.12 0.073
5106 4.74 -0.639 0.399 0.199
5819 4.89 -0.854 0.077 0.236
5812 4.59 -0.015 0.715 0.395
5180 4.7 -0.03 0.168 0.223
5702 4.35 0.175 0.139 0.342
5069 4.54 -0.788 0.313 0.28
5799 4.19 -0.197 -0.194 -0.081
5504 4.96 -0.136 -0.129 0.08
5463 4.14 0.391 -0.135 0.76
5840 4.17 0.249 0.366 0.652
5537 4.32 0.132 0.515 -0.071
5419 4.63 -0.701 0.372 0.614
5549 4.73 -0.701 0.202 0.285
5682 4.19 0.039 0.219 0.322
5116 4.31 -0.315 -0.163 0.345
5877 4.53 0.127 0.756 0.489
5296 4.27 -0.431 0.688 0.251
5578 4.99 0.286 0.134 0.309
5260 4.55 0.324 0.07 0.181
5310 4.83 0.006 -0.005 0.5
5216 4.65 -0.958 -0.007 -0.037
5080 4.08 -0.777 0.245 0.369
5440 4.5 -0.602 0.385 0.197
5518 4.46 0.261 -0.089 -0.137
5321 4.31 -0.844 -0.031 0.147
5690 4.6 0.082 0.247 0.286
5392 4.52 -0.589 0.539 0.553
5588 4.34 -0.434 0.536 0.478
5999 4.72 0.259 0.131 0.133
5313 5.0 0.076 -0.175 0.623
5481 4.32 0.348 0.731 0.647
5247 4.77 -0.843 0.346 0.341
5004 4.86 -0.491 0.557 -0.124
5706 4.76 -0.015 0.041 -0.18
5258 4.22 -0.378 0.765 0.3
5967 4.33 -0.873 0.441 0.711
5401 4.16 -0.444 0.635 -0.018
5994 4.49 -0.41 0.045 -0.091
5009 4.36 -0.63 -0.102 0.27
5407 4.04 -0.612 0.656 0.663
5127 4.14 -0.35 0.182 0.075
5422 4.14 -0.995 0.592 0.169
5419 4.46 0.097 0.592 0.673
5964 4.22 0.392 0.378 0.45
5601 4.57 -0.246 0.293 0.514
5256 4.92 0.045 0.64 0.352
5712 4.37 -0.659 -0.13 0.507
5572 4.76 -0.508 0.185 0.794
5288 4.34 -0.701 0.733 0.57
5440 4.7 -0.569 0.407 0.414
5739 4.64 -0.546 -0.099 0.55
5073 4.71 0.446 0.295 0.079
5953 4.01 -0.689 0.037 0.416
5199 4.51 -0.775 0.237 0.456
5628 4.44 0.433 0.791 0.425
5233 4.12 0.469 -0.173 0.161
5357 4.65 -0.381 -0.089 -0.196
5865 4.04 -0.891 0.262 0.681
5333 4.0 -0.177 -0.057 0.476
5296 4.71 -0.412 0.628 -0.062
5262 4.66 0.06 -0.004 -0.171
5302 4.84 0.342 0.575 0.718
5029 4.22 -0.289 -0.095 0.088
5569 4.54 0.165 0.323 0.535
5329 4.25 0.006 0.543 0.651
5199 4.09 -0.671 0.181 0.453
5958 4.33 -0.894 0.409 0.658
5759 4.6 0.492 0.084 0.567
5803 4.84 -0.552 0.453 -0.009
5243 4.09 -0.073 0.028 0.148
5938 4.69 -0.506 0.262 0.204
5260 4.26 -0.828 0.156 0.318
5447 4.86 0.395 0.321 0.372
5490 4.24 -0.998 0.344 -0.18
5427 4.79 -0.978 0.575 -0.023
5246 4.39 -0.106 -0.003 -0.038
5984 4.43 -0.468 0.448 0.236
5796 4.73 -0.787 0.767 0.565
5146 4.51 0.457 0.58 0.628
5666 4.13 -0.969 0.137 0.445
5589 4.01 -0.712 0.176 0.461
5803 4.32 -0.468 0.717 -0.007
5430 4.6 -0.214 0.178 0.246
5744 4.82 -0.057 0.126 0.615
5788 4.05 -0.081 0.542 -0.198
5625 4.79 -0.79 -0.127 0.182
5537 4.68 0.216 0.587 0.726
5942 4.57 0.493 0.398 -0.076
5554 4.05 -0.114 0.045 0.713
5759 4.17 -0.943 -0.115 -0.07
5140 4.17 0.251 0.046 0.494
5659 4.13 -0.214 0.046 -0.043
5690 4.47 -0.7 0.338 0.782
5233 4.97 -0.671 0.628 0.413
5510 4.23 -0.429 0.598 0.222
5373 4.02 -0.241 0.23 -0.034
5150 4.93 -0.398 0.131 0.295
5416 4.1 -0.843 0.495 0.505
5315 4.6 0.398 0.62 0.423
5926 4.39 -0.936 0.623 -0.055
5508 4.98 -0.223 0.723 0.531
5030 4.28 0.248 -0.158 0.526
5223 4.82 -0.181 0.137 0.639
5247 4.98 0.429 0.078 0.074
5628 4.7 -0.159 0.5 -0.105
5000 4.86 -0.621 0.698 0.306
5121 4.07 -0.234 0.531 -0.065
5909 4.16 -0.759 0.71 0.449
5533 4.99 -0.811 -0.086 -0.134
5367 4.15 0.075 0.796 -0.078
5234 4.04 -0.297 0.713 0.732
5472 4.81 0.003 0.69 0.519
5691 4.2 0.219 0.666 0.175
5993 4.27 -0.109 0.583 0.667
5600 4.13 0.067 -0.149 0.317
5344 4.15 -0.779 0.693 0.301
5653 4.63 -0.469 -0.176 0.188
5796 4.08 -0.322 0.526 -0.006
5199 4.47 -0.711 0.311 -0.145
5227 4.87 -0.12 0.343 0.52
5745 4.77 -0.67 0.75 -0.18
5501 4.36 -0.877 0.161 -0.061
5936 4.74 -0.144 0.514 0.065
5694 4.53 -0.486 0.232 0.532
5659 4.14 0.435 0.18 0.201
5324 4.46 -0.576 0.009 0.461
5653 4.53 -0.82 0.651 0.017
5266 4.36 -0.516 0.421 0.296
5570 4.64 -0.019 0.703 0.278
5389 4.09 -0.979 0.585 0.776
5227 4.76 -0.707 0.11 0.324
5859 4.54 -0.921 0.269 -0.075
5736 4.18 0.398 0.447 0.195
5856 4.07 0.196 0.035 0.229
5266 4.95 -0.112 0.532 -0.068
5878 4.12 -0.994 0.478 0.652
5146 4.91 -0.687 -0.167 0.412
5404 4.66 -0.331 0.566 0.084
5918 4.46 -0.96 0.5 0.362
5566 4.69 0.178 -0.148 0.399
5383 4.28 -0.576 0.752 0.387
5621 4.82 -0.267 0.278 -0.145
5844 4.3 0.143 0.753 0.691
5510 4.58 -0.312 0.161 0.331
5305 4.18 0.359 0.614 -0.048
5046 4.23 -0.088 0.621 0.676
5688 4.66 0.201 0.663 0.689
5373 4.54 -0.382 0.333 0.558
5424 4.66 -0.495 -0.002 0.625
5556 4.39 -0.234 -0.09 0.018
5449 4.19 0.317 0.791 0.027
5397 4.17 -0.365 0.406 0.78
5763 4.87 -0.808 0.165 0.768
5143 4.45 -0.614 0.038 -0.117
5797 4.53 -0.979 0.186 0.364
5642 4.43 -0.903 0.35 0.693
5027 4.93 0.098 -0.189 0.774
5727 4.66 -0.549 -0.062 0.31
5201 4.25 -0.836 0.651 0.485
5248 4.4 0.355 -0.011 0.631
5096 4.23 0.201 -0.046 0.696
5919 4.01 0.213 -0.085 0.121
5149 4.56 0.465 0.542 -0.137
5996 4.33 -0.113 0.222 0.451
5632 4.6 0.464 0.321 0.696
5257 4.65 -0.264 0.612 0.721
5491 4.14 -0.99 0.487 -0.027
5248 4.75 0.41 0.69 0.163
5840 4.7 -0.692 0.56 -0.129
5012 4.73 -0.532 0.717 -0.127
5310 4.15 -0.704 -0.042 -0.174
5348 4.21 -0.294 0.296 0.364
5094 4.66 -0.383 0.481 0.044
5455 4.16 -0.914 -0.197 0.605
5209 4.47 -0.235 -0.143 0.375
5654 4.5 -0.024 0.686 0.523
5875 4.3 -0.496 0.078 0.063
5557 4.5 -0.733 0.312 -0.127
5120 4.89 -0.73 0.095 0.558
5165 4.16 -0.761 0.16 0.537
5569 4.38 -0.64 0.354 0.343
5280 4.15 -0.875 0.77 0.168
5084 4.59 -0.169 0.418 0.783
5185 4.56 0.378 -0.019 -0.064
5372 4.85 -0.836 -0.174 0.467
5363 4.37 -0.291 0.639 0.025
5657 4.32 0.343 0.607 0.396
5568 4.99 0.328 -0.147 0.012
5997 4.25 -0.901 0.043 0.162
5685 4.56 -0.965 0.472 0.259
5135 4.88 -0.975 0.225 0.67
5891 4.34 -0.879 0.016 0.669
5831 4.0 0.444 0.568 -0.135
5661 4.88 0.049 0.131 0.242
5944 4.56 -0.263 0.11 0.221
5551 4.56 -0.835 0.423 0.0
5172 4.74 -0.66 -0.024 -0.019
5282 4.84 -0.662 0.356 -0.072
5636 4.36 -0.127 0.559 -0.153
5819 4.8 -0.313 0.457 0.507
5040 4.06 -0.492 0.027 0.708
5628 4.26 0.054 0.362 0.405
5695 4.32 -0.858 -0.07 0.031
5592 4.77 -0.43 0.3 0.551
5038 4.97 -0.745 0.125 0.263
5066 4.84 -0.847 0.582 -0.152
5826 4.81 0.317 0.527 0.493
5816 4.2 -0.79 0.08 0.423
5899 4.1 -0.312 -0.179 0.63
5267 4.36 0.196 0.447 0.628
5371 4.75 0.016 -0.045 -0.037
5248 4.12 -0.019 0.766 -0.097
5717 4.5 -0.744 0.402 0.787
5713 4.96 -0.889 0.415 0.478
5205 4.42 -0.024 0.533 0.58
5850 4.3 0.134 0.486 0.719
5894 4.6 0.154 0.514 0.461
5540 4.54 0.425 -0.197 0.494
5562 4.9 0.254 0.592 0.444
5057 4.87 0.104 0.555 -0.149
5428 4.83 -0.422 -0.067 0.147
5126 4.14 0.476 0.442 0.354
5519 4.42 0.326 0.465 -0.004
5196 4.37 -0.519 -0.029 0.403
5282 4.2 0.247 0.551 -0.182
5794 4.05 -0.125 0.293 0.775
5511 4.46 -0.865 -0.014 -0.155
5851 4.77 -0.63 0.601 0.235
5578 4.1 0.255 -0.065 0.496
5723 4.04 -0.489 0.756 0.494
5773 4.66 0.077 0.551 -0.18
5357 4.01 -0.329 0.547 0.372
5355 4.61 0.235 0.79 0.048
5078 4.57 -0.806 0.408 0.035
5064 4.65 0.385 0.55 0.461
5686 4.83 -0.781 0.445 0.08
5445 4.57 -0.026 -0.084 -0.198
5388 4.35 -0.746 0.291 0.61
5830 4.74 0.229 0.352 0.613
5448 4.11 0.332 -0.126 -0.174
5392 4.48 0.22 -0.188 0.408
5231 4.57 0.179 -0.1 0.716
5902 4.67 0.445 0.571 0.367
5702 4.05 0.243 -0.024 -0.142
5437 4.08 -0.906 0.278 0.422
5299 4.84 -0.348 0.208 0.076
5966 4.46 -0.322 0.498 0.103
5515 4.44 -0.857 0.787 0.263
5908 4.9 0.247 0.086 0.309
5729 4.14 0.228 0.349 0.296
5344 4.65 -0.967 0.022 0.505
5010 4.32 -0.351 0.643 0.258
5516 4.63 0.256 0.009 0.085
5106 4.22 0.312 0.398 0.615
5795 4.26 0.433 0.26 -0.081
5930 4.55 0.369 0.399 0.768
5171 4.46 -0.575 0.196 0.086
5896 4.86 0.152 0.745 0.627
5274 4.12 -0.034 0.071 0.167
5315 4.85 -0.741 0.794 0.125
5935 4.1 -0.198 0.119 0.692
5996 4.83 -0.304 0.164 0.788
5495 4.42 0.405 -0.152 0.512
5349 4.47 -0.76 0.019 0.465
5255 4.24 0.274 0.612 -0.031
5565 4.18 -0.92 0.521 0.487
5156 4.88 -0.454 0.289 0.204
5500 4.49 0.364 0.485 0.682
5081 4.05 -0.664 0.482 -0.04
5402 4.5 -0.514 0.287 0.199
5060 4.09 0.206 -0.105 0.468
5483 4.11 0.419 -0.02 0.101
5516 4.88 0.351 0.591 -0.082
5318 4.09 0.014 0.144 0.562
5312 4.61 0.159 -0.001 0.679
5044 4.7 -0.564 0.39 0.791
5358 4.86 0.449 0.12 -0.036
5734 4.81 -0.114 0.627 -0.155
5810 4.89 -0.764 0.217 -0.018
5204 4.75 -0.416 0.315 0.347
5065 4.9 -0.122 -0.013 0.244
5248 4.62 -0.885 0.058 0.114
5564 4.37 -0.816 -0.189 0.645
5197 4.03 -0.856 -0.005 0.548
5579 4.82 -0.492 0.004 -0.102
5054 4.68 -0.021 0.381 0.213
5516 4.08 -0.897 0.464 0.283
5579 4.73 -0.194 0.44 -0.142
5985 4.4 -0.404 0.38 -0.134
5682 4.41 -0.918 0.377 0.661
5079 4.65 0.449 0.788 0.189
5898 4.29 0.266 -0.188 0.162
5536 4.11 0.496 0.153 0.578
5650 4.61 -0.244 0.685 0.202
5188 4.5 -0.31 -0.142 0.71
5440 4.0 -0.674 0.6 -0.14
5137 4.3 -0.378 0.155 0.424
5688 4.47 0.035 -0.175 0.116
5723 4.47 0.098 0.061 0.507
5426 4.12 -0.307 0.073 0.037
5947 4.22 -0.093 0.706 0.038
5753 4.77 0.257 0.483 0.443
5417 4.56 -0.562 0.026 0.084
5102 4.35 -0.079 0.178 0.045
5541 4.14 -0.445 0.466 0.453
5913 4.82 -0.764 0.361 0.118
5231 4.36 -0.072 0.536 -0.096
5369 4.5 -0.059 0.629 0.639
5355 4.15 -0.29 0.328 -0.063
5368 4.68 0.107 -0.055 0.337
5327 4.61 -0.508 0.007 0.286
5883 4.96 -0.421 0.24 -0.009
5018 4.43 -0.658 0.095 -0.154
5923 4.5 -0.548 0.741 0.281
5854 4.61 0.246 0.636 0.565
5427 4.24 0.372 0.139 0.571
5963 4.11 -0.707 0.369 0.097
5982 4.92 -0.335 0.584 0.665
5442 4.4 -0.23 -0.125 -0.03
5026 4.53 -0.08 0.702 0.638
5863 4.21 -0.58 0.783 0.071
5447 4.81 -0.627 0.112 0.189
5333 4.78 -0.168 -0.09 0.504
5011 4.25 -0.772 0.303 -0.003
5058 4.2 0.396 0.037 0.677
5879 4.68 -0.962 -0.146 0.74
5865 4.63 -0.084 0.295 0.577
5621 4.59 -0.804 0.545 0.163
5406 4.87 0.131 0.435 0.781
5010 4.07 -0.42 0.212 0.107
5888 4.92 0.272 0.753 0.269
